0.0 0.7665152805701956 0.6929317936947181 0.7167519522783059 0.8885196564907322 0.6744700516355472 0.6866817175556429 0.8247043824404808 0.8157199328154893 0.6810357106667451 0.8795642006292087 0.9091469441868535 0.8186918391292269 0.891074572613339 0.7550535286563911 0.8807867775342456 0.9202170090510017 0.7730717219891864 0.8974664627846337 0.7157569351208525 0.6875492128411963 0.8016981865007006 0.7751374492920163 0.7965931192130047 0.7984261263369162 0.63884258225023 0.7516179626208985 0.8770634841511435 0.7779896345283849 0.8979739877533903 1.0323240773777442 0.795899277665738 0.8467774790720995 0.7804634453678624 0.6832643588183768 0.7031743562312216 0.6341840470817994 0.7540479912167544 0.8800097683768667 0.7021988676153853 0.7636325150577353 0.7149675527649397 0.7114932711809125 0.7038474734991835 0.8879520421312284 0.7207306256087908 0.7965344773636334 0.8279255842273824 0.8304531251374443 0.7326626189520158 0.7029626893009978 0.7051161755792655 0.8017593080889583 0.9417517502074717 0.7535049570876123 0.6495883684789686 0.7486201107161782 0.7041201437423311 0.8416731811304012 0.7232679738387233 0.8123289367933626 0.9197711117999016 0.5540163465531885 0.6082250452438895 0.833857314762863 0.6825224876766776 0.6615847486208357 0.8179349234055829 0.6920547971128939 0.675207560359874 0.6202842398566023 0.6771763126420584 0.7546315128844095 0.6985408017386336 0.807829791175281 0.7372768995956916 0.7342260955609246 0.7972333818464168 0.7276405821787493 0.7744366907718784 0.6580238180401518 0.7073093531787893 0.8300541368420069 0.8433168295071665 0.7008726399342667 0.8626686324359825 0.7770786338841773 0.7200051646241823 0.7521153739655873 0.8470838181727693 0.7048555269975114 0.8596862930357199 0.8743580397777393 0.6874750579390719 0.7099369462703695 0.6880855176060117 0.680011414000766 0.7308863445206903 0.82811073520329 0.6862980872538359 0.702051116396717 0.6237432820014213 0.6866756661160887 0.7429140523985432 0.8764034773077196 0.6010098315280227 0.6565515837709699 0.7063031562102097 0.8818655761391162 0.7057153702095231
0.7665152805701956 0.0 0.6011135144326426 0.6446577466736998 0.7581714138096575 0.5360558827877557 0.6531165444870244 0.6346237879525388 0.6734516871292162 0.6598647227282767 0.8375905850412119 0.7285611570582702 0.8137418380363527 0.7369199594959002 0.6907990240051823 0.8320634851894431 0.5530761787466056 0.6688075688557458 0.7965874644950808 0.6808167674297855 0.6610647330861382 0.7748864175222236 0.7472248653379433 0.6448377185918673 0.6856917546128135 0.6066862323472857 0.7660920918958712 0.7515781555834308 0.6825242948230841 0.8681940615868952 0.9300144515067116 0.7148421370365777 0.7773910932426845 0.6353350887970253 0.6024784446533336 0.7306697824365668 0.6821869242582707 0.6701754030900772 0.7089589632582669 0.7223603029635717 0.8297685756344124 0.7228897553660737 0.6968348499006305 0.617785481705215 0.8370045227046999 0.7313204007543359 0.6610693725160771 0.7667493499695791 0.7014561330892903 0.609792958253176 0.7436343149635912 0.648100538966408 0.23430167847930725 0.8511352068814139 0.562267219122924 0.6137387363533077 0.7388272195332444 0.6324811787687362 0.8136738225903667 0.6530448888811056 0.6836362054218512 0.8622356388886783 0.828419895920362 0.6512123959447844 0.7886036798242332 0.6437123512573114 0.6253235400619319 0.8032504865706512 0.7513654835213716 0.691718482964249 0.6102093772212743 0.7307970768973454 0.6740891317921467 0.6064139139040903 0.8269076522437563 0.695223007376442 0.8458438667031465 0.743458481328885 0.7332160870839587 0.7511618595010837 0.6685453603436514 0.6393512032211087 0.7317999271479287 0.870248890486527 0.6557744274039127 0.7492859976975187 0.6762292238055055 0.7426560944121494 0.6381283441268936 0.8478932918107587 0.6722586958513035 0.8582063928352309 0.8368686458659169 0.6156891936652236 0.6556595219051972 0.6175291101192883 0.7965413786375656 0.7007640826563456 0.6766734921869536 0.7135524405080539 0.7015285807307581 0.6711015695562607 0.6403541474257648 0.5843246278220833 0.8678718351356631 0.8743815298035461 0.7110358515251443 0.7066213135041935 0.7780620185546168 0.7277361614935973
0.6929317936947181 0.6011135144326426 0.0 0.5653726993032747 0.754159036670448 0.5245131018049648 0.6280220359552071 0.5563930284080258 0.6349421252716355 0.6267211592508316 0.7597143896957261 0.8130036181782669 0.7117868162444968 0.6946532420219551 0.585508992808865 0.7004453411329256 0.7947272776224987 0.6974047899715048 0.7234011304088038 0.6548685544352947 0.6553839342902106 0.7826394203716738 0.6982840858015719 0.7005258379706836 0.5805256364517355 0.5604053449014927 0.7617955576666237 0.7242542534975266 0.6725303798822638 0.8531436727065337 0.9469942945612431 0.6726298205995236 0.5351348724555456 0.6896300330860121 0.6050516624224244 0.6926267681618926 0.6702013123122829 0.709084284952827 0.7262189045425598 0.7375367625246396 0.8021831457943914 0.6982336584254347 0.676540532298934 0.6092024140366904 0.8133040894559285 0.5025903220756225 0.7043350057808733 0.7595187080279949 0.7516608464373103 0.5539577611240989 0.6333868698178992 0.6049375145456992 0.6557097698332766 0.7666222366730845 0.6288338857411203 0.5850897582156468 0.6312768904134406 0.6343293593757993 0.7553672940992162 0.6291552058773162 0.6528781091365321 0.8336118849274293 0.8346293393744093 0.5883799550621185 0.7645157051385914 0.6000515845337911 0.571088884254229 0.7629275785659487 0.653250432056651 0.6679216729627451 0.5818515414980552 0.490612481509019 0.7349771538671118 0.4941850953728424 0.6868741158260536 0.6785872107701622 0.8242795993717617 0.7499649709128956 0.6930889325482136 0.7018405273901742 0.6336355737699676 0.6463428101913996 0.6695791935157539 0.8225994051662496 0.6621894252738368 0.743924539100511 0.6351744539883304 0.46390242347028104 0.6739902548032656 0.7115368267898561 0.6112380725060941 0.7801525730435765 0.5827656753267655 0.624340335028431 0.6116742115641207 0.5794678562833808 0.60856313072786 0.6223002070639312 0.7916586804555681 0.6584577730196066 0.6461610275538111 0.6222873210326946 0.6796749429477406 0.6343828128553908 0.8597651297720872 0.7753917950760916 0.6389285530073094 0.6430530876616182 0.7775455918287424 0.6975827402582393
0.7167519522783059 0.6446577466736998 0.5653726993032747 0.0 0.7280150115987941 0.5899434483589671 0.5577484199452166 0.6004578947059352 0.5553688887616063 0.5892729840604962 0.746755549471853 0.7710140868152187 0.7608903306599969 0.7350447644410725 0.5994820268499501 0.7303293513125833 0.794226335343092 0.5427823863479796 0.7743535310169068 0.6765510578420031 0.5261284794261957 0.7221058073178166 0.7187277704396613 0.6500992722298945 0.6686430379917611 0.4949416527802316 0.7027510696781811 0.8050962881108636 0.709767617653065 0.8333244363873341 0.9173377995838994 0.4914314732591261 0.7913906862571206 0.7251655033581268 0.4930112050726382 0.7444859401568146 0.5696860034261809 0.6410347364282739 0.793137980433412 0.6886945017167798 0.7360250161107009 0.6626685859783208 0.7102960334004891 0.6123926644470935 0.8382111302788765 0.6456724252591528 0.6734458728973016 0.7736210609150814 0.7374690180403755 0.6226025729450709 0.6164015226312884 0.5592615249478986 0.6717630964233697 0.8327576098381141 0.6391374904222239 0.6048684402027329 0.6563686840923931 0.6545301114898797 0.7625435155510949 0.5459424025198347 0.6814341688036073 0.8549495035663723 0.8500178267186537 0.488853176681672 0.7412667492517786 0.6003360886775724 0.5763201170021524 0.7188874345244906 0.6719311964332714 0.6643124660718517 0.5914876185163443 0.6875605367888019 0.7266682766169664 0.5695034793096326 0.7114435976081999 0.6690713795260659 0.743944521461782 0.7806052621370164 0.6231029525320898 0.7038838498235004 0.61763134508409 0.6599335640644933 0.7031652518049424 0.817521353627087 0.6157294298118751 0.7061190935288412 0.6959340313174258 0.636531282863727 0.6249336061369216 0.7163239883615167 0.6390456946911671 0.8052176021067692 0.655824247252834 0.5625534937492492 0.5873372325687396 0.5708010191909514 0.7101245338091073 0.6227437657284787 0.7690078844399028 0.6448370776886447 0.6223761548512357 0.6025842680843423 0.6164462814918713 0.6507513201171594 0.8119345809687853 0.8449962401005842 0.6473759254722457 0.6830911624709352 0.7902913256033561 0.7225931695630671
0.8885196564907322 0.7581714138096575 0.754159036670448 0.7280150115987941 0.0 0.6894897537739701 0.7480152476361651 0.7546467898215823 0.7100647481158351 0.832983131959625 0.9415275241713822 0.8008402904637733 0.7645775746833392 0.8354734419165747 0.7104561917391095 0.7973834043094631 0.8208086934301979 0.7303710953527084 0.7804422631645367 0.8935684490057241 0.7024028905161717 0.8923480845001783 0.8516850304482085 0.8044288845815515 0.9023114646017091 0.7970077591249033 0.9093454298241701 0.5057995560631943 0.8110146655931364 0.999587206311313 1.0440126297446934 0.8605060867894522 0.9420626793987308 0.8913263824991902 0.6750852110750616 0.9094697636311749 0.7603309950838182 0.8199741967670606 0.8630441264884684 0.8498202843785893 0.8389334026435353 0.8423505180338128 0.7985361729677042 0.7536116448177564 0.9920014497744312 0.8264193654098659 0.8892327716530233 0.397732507626828 0.8441522099853709 0.7520062192929309 0.8688735215447385 0.7954661591966564 0.7684260849730639 0.9055895659266454 0.7708893925917807 0.8031578779636867 0.7609441209475329 0.7734162857612513 0.8593787784170142 0.6846222608997965 0.8342280918375982 0.9790453691154402 0.947171358220777 0.6730594227245551 0.8995489891513981 0.7284525959269492 0.7335908160457689 0.8327292663432682 0.7753040778348267 0.7263366293175443 0.7430390822429509 0.8875523719800325 0.9362093653450408 0.7308729728976731 0.8446145368194199 0.7549091042811367 0.8875733518528655 0.8959923893901505 0.7907837063865699 0.6949651359349823 0.75714099553218 0.790000362997045 0.882725197791841 0.9193823253431024 0.7943353841324149 0.8463133849027962 0.7975082273023748 0.8183441690747973 0.7897282543785138 0.9121686681903897 0.7433571388463571 0.8329551128422706 0.7585173736588413 0.7295385539654968 0.6945399107812605 0.6694745413091147 0.9003645224272081 0.8022308544054785 0.8591572860858044 0.7887236888699272 0.7022661916053508 0.7289642720848447 0.7498250895441698 0.8040756632018378 0.9378140885334717 0.8805081299510167 0.7717066116918565 0.7510924758296443 0.8909405862339745 0.8377144203082253
0.6744700516355472 0.5360558827877557 0.5245131018049648 0.5899434483589671 0.6894897537739701 0.0 0.6536405163691891 0.5241693238266424 0.6324410082877671 0.6730204237551197 0.740186487328632 0.728341637089647 0.6677530680546604 0.706056577305202 0.5941837933373518 0.6822405180021955 0.7929593099641304 0.6343532750703031 0.6603596118459639 0.6816479235635456 0.5909269841885914 0.758077878935016 0.6415319805562835 0.6365970450286321 0.6933522854290143 0.549509313603481 0.7004304616769773 0.6515926720663706 0.6507312118654394 0.7706440294706852 0.9613202863314397 0.6922663346986716 0.7484408090294922 0.6589051379715285 0.5368817242026842 0.7068279026988439 0.6168204539295185 0.694587782936428 0.7395747649907061 0.6400136184004123 0.7465708919593096 0.643762756413446 0.5155967227511202 0.5291670326086482 0.7344162677537308 0.6833889251521479 0.6839236275457813 0.6832601602069527 0.7042308602570196 0.5278805222089993 0.676676703596296 0.46915485785664646 0.5805201721547616 0.7583630957689506 0.4302349944494003 0.5086874541700247 0.5828104822637139 0.6341760190565234 0.7941196199094693 0.5834723637788309 0.616693307123728 0.7885733697870871 0.8183779091494998 0.5265010931070216 0.7581653462454055 0.5617998485192965 0.5588291883933866 0.6544640726513121 0.6313742485776231 0.5414977816839571 0.4117162073529801 0.6578970330048578 0.6556658261155393 0.4452038860233645 0.6743650188714092 0.5679710632670435 0.7885465044033817 0.6984213617357807 0.6171664345447795 0.5861740381673206 0.5744418653850855 0.5280481634722002 0.6499332986393677 0.7713966965835366 0.5876936803736095 0.716802716546565 0.6851929253990102 0.6499501916596838 0.5905579771385606 0.708172860413977 0.6210384983247756 0.6946795991384315 0.7422434537295559 0.5640028031078 0.5054926055243998 0.47938944270841727 0.758716240024723 0.5895011221023032 0.7318139240214768 0.6248555845213002 0.588523333053735 0.5812982248224249 0.5275715880349569 0.5656832213933434 0.8002009714686382 0.7757782516552009 0.5813551867866548 0.6176024544785423 0.7166385841761368 0.6688439484271339
0.6866817175556429 0.6531165444870244 0.6280220359552071 0.5577484199452166 0.7480152476361651 0.6536405163691891 0.0 0.6192705683546783 0.6298282473055378 0.46993774921923365 0.707700824374108 0.629925573509978 0.7090084702479097 0.7322406796991336 0.49317159261063775 0.7093888368263981 0.743131545050178 0.5202871240095293 0.8149905083871876 0.5683867566665604 0.603178256130639 0.7819361593717307 0.7485162476083069 0.6208092371296996 0.7561916364616744 0.5935659836369988 0.7118963015205716 0.7985435294438509 0.6906162686563507 0.9037951477411579 0.9814793999364079 0.666632262204231 0.8287215511838838 0.5884090406487057 0.5680865625414603 0.6065510730653865 0.5448682176367877 0.6575184820453409 0.741948448645136 0.7969193060679308 0.7968451547434853 0.671533053645128 0.7307397268470603 0.6385839280008062 0.9031096130366061 0.6985994422303419 0.7671091492048187 0.843018869317643 0.683299342546282 0.6376855289071834 0.6754321498205603 0.7307421672473976 0.7034420141219577 0.8680548726634092 0.6943789752708346 0.7486788001412555 0.6841410744966953 0.701713810692459 0.8084935081070326 0.5406455383807698 0.6519916656519413 0.8851853317427509 0.7054636437159756 0.5473640892895041 0.7703991594157282 0.5786584577963622 0.5965897137181594 0.7263186490218896 0.5709796570529794 0.6528719536841772 0.7186785075333584 0.6643214709470108 0.656217936339133 0.5842486930774855 0.7226857783627566 0.6554430429590001 0.7792291299159902 0.8030902136991285 0.6328091862158546 0.6758840683625222 0.6950065553500308 0.6893481594776394 0.7737999876085468 0.836676097033648 0.7525713883129316 0.7514205836280493 0.7119135927946701 0.7210539636470918 0.618052823307551 0.7400045132071109 0.592187514045034 0.8101110941199876 0.7245909942277207 0.5859794314773448 0.6739355623826263 0.6339687857104869 0.6315134979717301 0.6382186553574266 0.6820390962530598 0.6682911573017254 0.6314777339363751 0.6800016215166999 0.6646573713083053 0.6033099739120171 0.87733203794619 0.7213852532971603 0.691491776744199 0.6762351960920829 0.7724783458962934 0.5675228196162849
0.8247043824404808 0.6346237879525388 0.5563930284080258 0.6004578947059352 0.7546467898215823 0.5241693238266424 0.6192705683546783 0.0 0.5308211021511478 0.6207085634696122 0.6994917223773219 0.7132048555970281 0.7808005910379325 0.7144662209233432 0.4878794079794562 0.7008810235241666 0.8378385473348849 0.5314268144268153 0.7227597174091098 0.7301093951484356 0.6665162314790971 0.8276149373409076 0.703008293173206 0.6688232410817713 0.7720742310037727 0.5522565487740501 0.8296757651232731 0.7225291340833286 0.734886616951441 0.8293538782172309 1.0412929493518037 0.7495674689916426 0.7710241062029538 0.7937985957399 0.6503703607689674 0.8083312987124635 0.7336532338612389 0.7254044560628015 0.7681931850644946 0.82525952682787 0.8999289457226128 0.8365619976378452 0.7974605759042849 0.5862934492038687 0.7840898591263337 0.7397127278573231 0.7263637604721757 0.8248291355083521 0.8049410077568449 0.5452945141966574 0.6860319355498589 0.6308156608466512 0.6875596755177521 0.8645494048429851 0.6916629283396704 0.6578488400009811 0.7279892943792414 0.7506926700881601 0.8347996287615851 0.6581188631809441 0.6970875857385558 0.8325781651927986 0.9166478931168897 0.6766512979513845 0.8383948854448877 0.6750865747244486 0.6085398382060428 0.7734755603611502 0.7501925290482919 0.7472394340233662 0.5864925021978812 0.723066378336399 0.7336229500951268 0.41003862300868493 0.7762330880861251 0.6855638956381122 0.8401053472932164 0.8132639387670507 0.7183922102054975 0.7106495466986799 0.6782036263614651 0.6278887706974516 0.7126657887135959 0.8265958081837419 0.7485605548372698 0.8060695085116724 0.7557454578214231 0.7189330418053169 0.6598141692650794 0.7401170038592717 0.632162462105325 0.7959223089800436 0.7621226916947106 0.6876277950524838 0.6262793114245944 0.6223828832770363 0.834310138812532 0.6692085110467546 0.8434094497763915 0.7231943507366366 0.6856856104783526 0.7048074442989771 0.6647650426009661 0.6730251380737701 0.8966445412739084 0.8277046540721014 0.7407520313542865 0.7361221639722166 0.8435148158261047 0.7699289213247661
0.8157199328154893 0.6734516871292162 0.6349421252716355 0.5553688887616063 0.7100647481158351 0.6324410082877671 0.6298282473055378 0.5308211021511478 0.0 0.6097038834918795 0.7982402111682197 0.7554625546304973 0.7926364038114062 0.7003784296438231 0.6193653362320765 0.6908773785244594 0.7071674835025121 0.6224191963627626 0.700802774554995 0.7195905768509352 0.665128820977918 0.7700229871424168 0.7396491258400227 0.5719016443548983 0.7060856375391471 0.4684217291743939 0.7250820451843489 0.8280008948662453 0.576549886362506 0.8300456635031633 1.0364556618639071 0.7345529234514688 0.7651685063383408 0.7797332784772275 0.6029490866305866 0.8116725481596037 0.5325946711726454 0.7076541615824413 0.8018699816194739 0.8008675924239864 0.7906161515021296 0.695369112478401 0.6840671212197826 0.5559932667844375 0.8345447648396818 0.6973488049951043 0.7911202191277543 0.7692806950333076 0.7968361187300878 0.6552802758186406 0.7241963951293728 0.6896368322978809 0.7123598502478236 0.7986224062327074 0.629745161048553 0.7053719688829445 0.6954185401839535 0.7192103085760128 0.8078395240551361 0.4751434819980361 0.7216868535215984 0.8797724568926482 0.919690932251444 0.6232399810615964 0.831948632699287 0.7007611618262422 0.6655290864260411 0.7685657696323773 0.743854184071508 0.7158842217038269 0.6943734312985903 0.7779702876349742 0.7670675966357788 0.6269003957227174 0.7149365275719491 0.7128217737920662 0.8614210088776117 0.7603724218492691 0.5953923634838881 0.6461415013566258 0.7225794148351928 0.747484302000617 0.7456606554979459 0.8598514695688791 0.6756037252205881 0.7496794360771271 0.6597372515256188 0.7213633683626157 0.6083732908002156 0.7666297098805398 0.7485276058887375 0.8703329572763129 0.685643518807862 0.6664484066115927 0.6434280696204497 0.6518058944252619 0.8262969364788398 0.7052224579639255 0.8447114132567508 0.6366684395414326 0.7119868299193475 0.7306272470095383 0.689724422204411 0.7097136741488163 0.8699492224188882 0.8759934951308918 0.7429799035771005 0.7434386194480131 0.8678794701012095 0.7151564087299681
0.6810357106667451 0.6598647227282767 0.6267211592508316 0.5892729840604962 0.832983131959625 0.6730204237551197 0.46993774921923365 0.6207085634696122 0.6097038834918795 0.0 0.7861356924818577 0.6733469571337156 0.8043869942063955 0.7089166857803585 0.6067861362245027 0.7279827095362215 0.7247751482499912 0.6534596151396361 0.8078469823123516 0.43859923329170436 0.6973066234006609 0.7563098832414842 0.7288019272651922 0.5989172526745664 0.6260356801405668 0.5529707911043914 0.738235158444661 0.8379853301770813 0.7199518007092088 0.8826614435490836 0.9480962747874274 0.6791995552755743 0.7509526053760217 0.6425609047596866 0.6642208200884429 0.6714984452831129 0.5709228759072708 0.42534649226969806 0.8068262114552746 0.7437122230410901 0.8111939193834341 0.7381833277984936 0.7119007130755253 0.6600556181958448 0.8954782513389585 0.5746942664354451 0.6133683841379166 0.7819336836579872 0.6707500129280841 0.6715261505443363 0.5494270429200465 0.7110598646658985 0.6900114297368747 0.8904287340742039 0.6839348683918361 0.6919726350476638 0.6855041453184103 0.7701724028795598 0.8247999263390728 0.6040792506402229 0.6749019842083995 0.9130844572855649 0.7519604623222177 0.6009786756433857 0.7471170569419788 0.6518857577419329 0.6049606924984936 0.7352574163568579 0.6368589202527911 0.6986117786767787 0.6893801262869664 0.6361048693109205 0.682544941733557 0.6190432778841144 0.7392486863176165 0.6666752560201055 0.8487437010482685 0.7836112512897093 0.6946501011173336 0.6906504344073716 0.6868701806465107 0.7312382213689578 0.7421733304033091 0.808517439340135 0.6915937646161914 0.7857703145982109 0.8025020608255001 0.6468820248561041 0.6073724611536866 0.7520784649280803 0.6218354336240598 0.8775355324214237 0.6838119235127772 0.5094693426877779 0.5996611092985802 0.6517943098200132 0.5899783326668808 0.6885096425167262 0.7483853680193294 0.6549983024278282 0.6281504870192229 0.6723981984327988 0.6359505149445719 0.6179835667413394 0.8762295140039463 0.8227755140975187 0.6732584619815909 0.705072727455777 0.8322677535586102 0.6755192608514249
0.8795642006292087 0.8375905850412119 0.7597143896957261 0.746755549471853 0.9415275241713822 0.740186487328632 0.707700824374108 0.6994917223773219 0.7982402111682197 0.7861356924818577 0.0 0.7922365908303455 0.9223632580266993 0.876722155683114 0.6560476513663168 0.7688699341218973 0.8930591107700965 0.7387611042666985 0.9290345345587435 0.8568470686847809 0.7961263573172493 0.8942074141360714 0.8181017420638373 0.7463600128821515 0.9136740929079358 0.7334493257748389 0.8687892871748846 0.9172765844157857 0.7417590984753841 1.0012030898062314 1.0755387754438046 0.7317550182022963 0.9449071871797867 0.8928224401752075 0.7717273403833287 0.8387500906428726 0.85878840477082 0.8414481097852332 0.8554745936323304 0.9162150269555464 0.9643080185539473 0.8689647179199573 0.8218283133388832 0.7227008091781112 0.9678738407790125 0.8401608516992488 0.9307310654935881 0.9760517195094748 0.8320152804341351 0.7717080238986149 0.8169972963296258 0.8056400002867276 0.8733096096425789 0.9591851460971954 0.8272554618375743 0.8672630068131321 0.7987880440955224 0.8411905377886402 0.7962805425946999 0.7764374521754205 0.7746519187879067 0.9770958945444963 0.8846197362077035 0.7707594040081259 0.9343164464632511 0.7346780500966886 0.7434423498067178 0.9654858024751413 0.7852624918271321 0.8046722874003223 0.8438348131515017 0.8938122385906114 0.7127444115715943 0.7058389252475805 0.7879506519437762 0.7371371322974677 0.9352802386806489 0.937205648699455 0.8453481872904853 0.8223358717574483 0.8504941720725272 0.8223067533622019 0.9226995794397493 0.8665734771416417 0.8056427463996575 0.9658018274432294 0.7783515152711101 0.7794572094823733 0.7654199915965559 0.8411861356772405 0.7718527669689662 0.9038163836644878 0.8784017992269876 0.7995786536691298 0.7575163741413609 0.718848718582864 0.890525490453503 0.7206967347045067 0.8656554548345745 0.7943418030608076 0.7900224763904475 0.8876618492023053 0.7708850992682492 0.8109151395449056 1.027689212647117 0.8177669470385746 0.8025661148798342 0.8321108473254406 0.8813148283885528 0.7897023595061053
0.9091469441868535 0.7285611570582702 0.8130036181782669 0.7710140868152187 0.8008402904637733 0.728341637089647 0.629925573509978 0.7132048555970281 0.7554625546304973 0.6733469571337156 0.7922365908303455 0.0 0.7931656934737544 0.7528121897931486 0.6415524119537083 0.6838285700474436 0.7107277676815595 0.6686215882780213 0.755749133904811 0.7121429994800189 0.7306725751874614 0.8079768114546901 0.7968968936633288 0.5097869403909624 0.800284645542532 0.7018635918371262 0.8107013555922775 0.7339165189548909 0.6888500626337523 0.8917423203630747 1.0062302194727704 0.7001238822225008 0.9074654811132767 0.7359548100494383 0.7209473425198044 0.7994477414282216 0.7903020905081902 0.6721336493523966 0.7481554436512291 0.7304060838103404 0.841577544825203 0.8065642361348369 0.7572788984089132 0.5995412333253621 0.9054816473343547 0.8023803153485188 0.6933935411280123 0.8100283560392268 0.42392713897544965 0.6746445792651221 0.7352800823539105 0.7778988003736373 0.7197801761519232 0.9645585869504005 0.721126453210699 0.8197332168595898 0.7166948138402274 0.8728567104540527 0.7444367679457483 0.6808424464599367 0.7121614080592547 0.8850393840760313 0.6633628293689037 0.657350721899614 0.7460742876562839 0.6812950185477767 0.6884497114104019 0.7531784240989607 0.742218773581266 0.6956799829491805 0.752915834069315 0.8592106178562003 0.6407364538019337 0.6794623026441464 0.8098640885846039 0.6097039835755395 0.8301673557512597 0.8139123708400973 0.7283067605503816 0.6927005669373321 0.6901389444901393 0.7329339606365414 0.8345541028155522 0.738848670913266 0.8198098950876518 0.8341579242608966 0.80906015497124 0.7667903561339718 0.5496565205960163 0.7663547733477831 0.7109070101104282 0.8683519364305894 0.8294980547395026 0.6029743949438174 0.6033931970534382 0.6189825278095099 0.8447863304084632 0.6152019413168078 0.5980986242751412 0.7364197532912968 0.6500151454210154 0.7329247963852482 0.5775396562920833 0.5593886014658068 0.888231423793747 0.8055978230483419 0.7033587315833011 0.6168300487620003 0.7125204930729828 0.6787079285746233
0.8186918391292269 0.8137418380363527 0.7117868162444968 0.7608903306599969 0.7645775746833392 0.6677530680546604 0.7090084702479097 0.7808005910379325 0.7926364038114062 0.8043869942063955 0.9223632580266993 0.7931656934737544 0.0 0.8185482815919003 0.6999625188317737 0.8003876709080793 0.8327324912499333 0.7842840339169767 0.7638968383988801 0.7142391632297187 0.793798319977667 0.8265934313530593 0.7600723363309071 0.8188575183960628 0.840971639320031 0.765576807104534 0.8880290637672691 0.703483915469592 0.7111104242277531 0.8714941258998784 1.0397443142016003 0.7872351593910158 0.903640614495978 0.7686941258260171 0.754645896756229 0.7439239265877553 0.6805210351139716 0.8901242140549895 0.9436174969936713 0.8134470557589344 0.8748683953341636 0.8070358489314198 0.7429674912647749 0.7652779758997678 0.9024869812751424 0.8211814807126774 0.8791748157816749 0.7775741897795765 0.8267604730940871 0.6818517703693902 0.7910970567232697 0.7401812813403722 0.7843874131538638 0.8322253604036067 0.7564641802755211 0.7582458424279475 0.7681439835835658 0.7911693161940694 0.9105869282914135 0.6691011633658605 0.8094877793698346 0.8767120890933363 0.8319980181324488 0.6746547471664348 0.8927425550960922 0.7174493215335322 0.7321041693643804 0.8577777061271158 0.7154032910588165 0.6846726704954236 0.7428003651869528 0.6868687848825974 0.8685869917422451 0.6328138713389501 0.7578309570556104 0.738254213704293 0.9036827257698624 0.8245081733124849 0.7540256542419256 0.7181064054129624 0.7783172042526965 0.7106767065158744 0.8228660575451564 0.8822137643549939 0.7622726720994092 0.8526030180844492 0.7650239151441779 0.7653548525810784 0.8050454301718546 0.8970049711907357 0.7728684057218931 0.8153721805128952 0.8427834722650772 0.7835514921799587 0.7062829439423037 0.6995218400636188 0.7764838932007109 0.7264175383443414 0.8708458255304188 0.7167757898111137 0.6863613542775578 0.7456131516747729 0.7432684783140944 0.7082356230821715 0.8998384945942921 0.8324871005216109 0.6788049443205342 0.6963980511637725 0.8454636662046845 0.6294431900276234
0.891074572613339 0.7369199594959002 0.6946532420219551 0.7350447644410725 0.8354734419165747 0.706056577305202 0.7322406796991336 0.7144662209233432 0.7003784296438231 0.7089166857803585 0.876722155683114 0.7528121897931486 0.8185482815919003 0.0 0.6404798311672092 0.7678463448613475 0.6812916124519803 0.707432505199562 0.7317970461802762 0.7627041065660375 0.7365373476596907 0.8528945433157081 0.7895327046357611 0.6872306580048182 0.8023491271317712 0.6188660682312598 0.8492085692062952 0.8165918446962243 0.6826449801461749 0.864848856593713 1.077494482765784 0.753912410461719 0.8551728870712846 0.7373396620036317 0.6878493153409644 0.8515793871636539 0.7694403331332782 0.7101694633141551 0.7568354280516129 0.7918650120096429 0.812827623640764 0.7911317383197641 0.6841658269022995 0.6703642785972782 0.9044284100716172 0.7178538485366927 0.8176895592849478 0.8176124437833643 0.7700203384103584 0.6891686228883311 0.6814138754736153 0.7839127540501235 0.7212921217417949 0.8763970546807013 0.7299841784901446 0.7422977445980051 0.7009292156116623 0.7799816763980741 0.8343317379480552 0.6786770680448183 0.7661086489259386 0.913409376195678 0.9137761245580243 0.6693823516011721 0.7731740708122964 0.6650482325858198 0.5908547116185363 0.7845622007790478 0.7252146924630528 0.7059705515728542 0.7781333813250364 0.8170462097847166 0.7656991306390034 0.6572604470279352 0.8426853155215641 0.7403217024801432 0.8867375599258017 0.7900860065967766 0.741730461742484 0.7030494278792631 0.7767805671534478 0.706013800491405 0.7758948368684572 0.7920392346691106 0.7795309413832917 0.39871293577146094 0.7272543071562717 0.7394396185485402 0.7183776072144177 0.81237111542531 0.6741501677998835 0.8945725419143603 0.7588999326169601 0.7207542589277088 0.6971694427967007 0.6929835651340781 0.8231190731623126 0.7074387097352189 0.7059131052297091 0.735116043922804 0.6836195439782323 0.7620923861850158 0.7307431608634009 0.7623902156996619 0.7950378617859746 0.8837287196734775 0.7498729711047986 0.7522941645204401 0.8618883340913578 0.7890368736952764
0.7550535286563911 0.6907990240051823 0.585508992808865 0.5994820268499501 0.7104561917391095 0.5941837933373518 0.49317159261063775 0.4878794079794562 0.6193653362320765 0.6067861362245027 0.6560476513663168 0.6415524119537083 0.6999625188317737 0.6404798311672092 0.0 0.6194100557862511 0.6994065709008672 0.49337442817392485 0.725574778104678 0.6450749083048363 0.5871958756719441 0.6811076936713233 0.6293000133828405 0.6257537847931905 0.7642481323400193 0.5017299358442316 0.7536474488171512 0.6943709592653928 0.6486504114091028 0.8215064510761411 0.9252428463773059 0.6006427429637777 0.7776920385915693 0.7001370273308337 0.5470079537442526 0.7099829950946196 0.6863629744851443 0.6805464851772767 0.7066838614289666 0.7791046489068022 0.8257029421382591 0.699909541420597 0.6726063876888865 0.6038814466981509 0.8610336010143427 0.601236215664492 0.7969674614918861 0.7639243274956293 0.7403929118154859 0.516907347516682 0.6288437201619301 0.6695275877103853 0.70900508074441 0.8123240479140817 0.6707905570592795 0.6654496507194056 0.6389955521725661 0.6608786447433816 0.7764643276228426 0.5142798368138651 0.6668270931702897 0.7818573542478342 0.8180416980086433 0.5692086744348849 0.7096742823379424 0.41210425510907617 0.5443862659339161 0.7115548099976118 0.6029475814049606 0.5536624884851012 0.7057649395730394 0.7650838179101117 0.6925136866370689 0.5330083500647181 0.6935137748363905 0.6381523816240312 0.7910128769096975 0.7681663082743855 0.6549383926698096 0.6705020156842225 0.6921511397952157 0.6253142722994129 0.7322017401809301 0.8160217773157664 0.7808644491902277 0.8056665111629506 0.6963588599529511 0.7186048319337723 0.6809881306514677 0.7229572111788636 0.5098347697228331 0.7083582298266304 0.7188927733100546 0.6207168532346673 0.6486132025660324 0.5530793082799434 0.6759262493019528 0.5642539856054837 0.7453323795086937 0.5683659942972257 0.4970295898042403 0.6207416578511021 0.6705548959262433 0.6711547946325834 0.8054754261457818 0.7614296983595934 0.6776445297886791 0.6418979714379294 0.780618117614492 0.6785896141563362
0.8807867775342456 0.8320634851894431 0.7004453411329256 0.7303293513125833 0.7973834043094631 0.6822405180021955 0.7093888368263981 0.7008810235241666 0.6908773785244594 0.7279827095362215 0.7688699341218973 0.6838285700474436 0.8003876709080793 0.7678463448613475 0.6194100557862511 0.0 0.8235904212392292 0.7322234351576805 0.748880203325674 0.7918207443020359 0.7103702457459797 0.8376044236912636 0.7531425181152605 0.662235605445229 0.8097632262596048 0.6818160399189231 0.8089781459167079 0.8427915395219377 0.7047299153532832 0.9217105573522031 1.0428064561829662 0.716907275068511 0.8494029836176115 0.8229278378978484 0.7411947759441865 0.7992936008843535 0.7642018893657433 0.705824670120519 0.7279328679664191 0.7919652094181385 0.829965850503031 0.8097517926546436 0.7001663056043035 0.6518236122431189 0.9060846700170305 0.7075240207901592 0.8165845345261407 0.7957460798313771 0.6970192637062328 0.6862663062134287 0.7581516350289074 0.7296700532257241 0.8288404290848997 0.6049123930112936 0.6939486350813712 0.8140812706642108 0.6772566339460153 0.7621245749139871 0.7861568017909574 0.6603237720714055 0.6863409100416998 0.8975523158270245 0.8529127620499366 0.6564544753459758 0.769991653101064 0.7022170768092078 0.5558162499826884 0.8052224237876637 0.7514236660566576 0.7097048238673445 0.7148139062977594 0.841232418063925 0.7272347637042487 0.6619884453550802 0.426603803210767 0.6455865556885697 0.8483291914307859 0.7821798930984768 0.7863774968601905 0.6562283049442383 0.6709802858877303 0.7458083329543214 0.7702526696032148 0.7999894222831535 0.7385387683030121 0.8470706836245054 0.6987926027705955 0.6233577750875404 0.6673254350585157 0.4648123173485829 0.677082542469902 0.8036205055741471 0.7263819372138771 0.6376276657853419 0.6004079987261579 0.6307039214443816 0.8242957326240619 0.714141506432903 0.7175645985556354 0.6310349795067272 0.6455843341241541 0.6925809348510914 0.6690036021215556 0.7394842891223506 0.8512176113753106 0.808526412269055 0.6536960057921749 0.6416823858255225 0.7706176811804204 0.7407771659198
0.9202170090510017 0.5530761787466056 0.7947272776224987 0.794226335343092 0.8208086934301979 0.7929593099641304 0.743131545050178 0.8378385473348849 0.7071674835025121 0.7247751482499912 0.8930591107700965 0.7107277676815595 0.8327324912499333 0.6812916124519803 0.6994065709008672 0.8235904212392292 0.0 0.7172342940449086 0.7713719885536228 0.6832555803562455 0.7249565294773057 0.8145191940752776 0.7772943602115052 0.6673387820855922 0.7310142481820584 0.6765953633222583 0.829149532914848 0.8088863852713052 0.6266224536718024 0.8605791653029743 1.0179695216904587 0.7129867676514104 0.8546649725736604 0.700784954577109 0.672145233344871 0.7884026559932298 0.7468963965957799 0.6845968825249683 0.7981518902589552 0.7955077030449066 0.8471132026255299 0.7696095834388169 0.5970380675484969 0.73585442515338 0.9477618406083765 0.7175312606255025 0.7955211688452969 0.7580847559026265 0.7233556601977603 0.720470169440232 0.730266931497792 0.8353936707943197 0.4639138239075642 0.867443828423317 0.6324504694543405 0.7946576771176909 0.7292293560739733 0.7614712729258242 0.816282658504896 0.6822656196525521 0.7537232673291848 0.9106663353844058 0.8606918819758245 0.6725987721658299 0.8003923776546258 0.6715465157192491 0.6782117787404133 0.8382748959781545 0.7256900316766615 0.7229924456381734 0.8479606183236575 0.8623626461489237 0.7343086733219896 0.7730440111223963 0.8424419425859799 0.7894759520262776 0.9188776572497617 0.7643150023689894 0.8136664374718282 0.7797258148138565 0.8401315985226051 0.7911950523529548 0.8422880604604068 0.8509555435878048 0.7822876640617502 0.7826670429458391 0.6741420211736897 0.8131870661076062 0.7768920145944751 0.9074120418043052 0.769383461784347 0.9172513026802843 0.7888996461570049 0.7147987582222388 0.7466550394070748 0.7094672161629216 0.8208082874135332 0.7192158724221482 0.6925677349572866 0.7538704760375139 0.69929890351615 0.7871869817018854 0.748620534573421 0.7023400465022969 0.8339795925175915 0.9006163925705617 0.7617607141328727 0.7482811619427058 0.8320349028949693 0.7780240870163556
0.7730717219891864 0.6688075688557458 0.6974047899715048 0.5427823863479796 0.7303710953527084 0.6343532750703031 0.5202871240095293 0.5314268144268153 0.6224191963627626 0.6534596151396361 0.7387611042666985 0.6686215882780213 0.7842840339169767 0.707432505199562 0.49337442817392485 0.7322234351576805 0.7172342940449086 0.0 0.7372182531546999 0.7024599000588178 0.39475438143374153 0.7928757128290908 0.6651266351054035 0.6177825222953796 0.7093911204654817 0.5152865621124487 0.724410045835457 0.7608114257697504 0.6989223647799888 0.8181811435537796 1.0226916743422447 0.6322212108046525 0.829121707717569 0.7140935585835916 0.43508556987076946 0.7280224252434494 0.5984775471017626 0.6398951095212635 0.717355792284397 0.7064013738292454 0.7340004871777749 0.6823141076360602 0.7130361654104534 0.5723390330672268 0.8058175217736937 0.6918912321042602 0.7303792979282047 0.8060862487805789 0.7475930690269635 0.581993088405211 0.6513119397579965 0.6254078710526442 0.6290612957296239 0.8689761639547368 0.6923896150594009 0.6798411892319323 0.6942097415856489 0.6631907801197633 0.8300845135270318 0.5696557176133761 0.6926492697042186 0.8314090846901232 0.8226838524446994 0.522377037944686 0.7325097340518006 0.5879777123698436 0.5819448502165909 0.7126626091491723 0.6874529055815712 0.6815291740714521 0.6619937257043405 0.7414488969535893 0.7102106568612068 0.5604109386850701 0.7616169047932634 0.6651907993310764 0.7153882279667624 0.811479570386324 0.6835819302855055 0.7208417550200591 0.6714289926648522 0.6380169362312325 0.7331966569757016 0.7748427031900477 0.7350849530043441 0.7014962238335966 0.7207240747839347 0.7352060068005789 0.6792197275054911 0.766411797812734 0.5632186640315402 0.7871542182049669 0.7260272200509786 0.6587489403424804 0.6351391233256531 0.5948347545757058 0.7342183128439251 0.6630642185734309 0.7099702999982577 0.7076941903363272 0.625091268708839 0.6550299304643354 0.5784567675439416 0.673962385395337 0.8337229573292839 0.7652163719924646 0.7055798133241752 0.7061710702077404 0.7896001310507005 0.6839636116959057
0.8974664627846337 0.7965874644950808 0.7234011304088038 0.7743535310169068 0.7804422631645367 0.6603596118459639 0.8149905083871876 0.7227597174091098 0.700802774554995 0.8078469823123516 0.9290345345587435 0.755749133904811 0.7638968383988801 0.7317970461802762 0.725574778104678 0.748880203325674 0.7713719885536228 0.7372182531546999 0.0 0.7235835012386931 0.7294419604038649 0.8122332056134989 0.703803599039452 0.7638503357379869 0.7475857325021692 0.676411138023412 0.7687191604485728 0.6951686765778049 0.768413381546848 0.7933881812873823 1.0263376871635592 0.739104341050624 0.8325267937800507 0.7762520675059723 0.733899158322635 0.8377615898249043 0.7977497566100641 0.7300863839487555 0.8098278881358552 0.7046248071876253 0.7343201230037868 0.6899544052809374 0.6122237771908181 0.7247718004453528 0.922562497149921 0.7386650172955408 0.7208936355283843 0.7344602967801225 0.7378893342956858 0.6111028432366178 0.6851586060830162 0.6716569559267197 0.7637834026575775 0.7887070339224024 0.6238544853235848 0.6925543268257011 0.5391436865687954 0.8326389288647386 0.6817469629543709 0.6661867343741111 0.721437181092384 0.8532796239216967 0.872178928676979 0.6472064578929458 0.7272568262309583 0.711353434312361 0.6684566971117419 0.7153957891229442 0.6725836516068292 0.6574368892832204 0.6706404853702702 0.8119351185449808 0.8013854714695978 0.6100487981361883 0.7925987662729874 0.6963226771357831 0.8950309793290736 0.8348631925022492 0.7554094073866271 0.725938933876205 0.7404329935747227 0.6403532010894036 0.6705300906463728 0.8668297663909843 0.811240219200862 0.7465538452428774 0.7468483842951973 0.7537029764685855 0.7823294659504788 0.7793333850284737 0.6806269757633793 0.8458501930749702 0.6725752278337978 0.7551819980939777 0.7200017252746757 0.7396170627492595 0.8751050116677654 0.7340906228973864 0.8142277031897748 0.7122220561145813 0.7003845170031381 0.7408506227978214 0.7302152835127241 0.683559713615196 0.8602747265319727 0.7562819549451643 0.7031956034594476 0.7043780502753139 0.7419102505522022 0.8262931784546971
